860184295188647938,And there we have it. The justification is hilarious. https://t.co/rzXnwrLuhp,rehpotsirhcmij
860184319578566656,RT @Nigel_Farage: I want to see @MLP_officiel win on Sunday. She is the right candidate for Brexit Britain. https://t.co/y4FLAzKQ9C,valfrpol
860184372393123841,"France must fail for the greater good. Allow me to explain: Le Pen isn't going to win, Macron will. And with his win France will become /1",deusvultkek
860184445197799424,How does one gain a lesson in French politics? Start from here... https://t.co/32WA2g9Lqi,newsnilgiris
860184676413190144,"Why not ! He interfered in The Israeli election , Remember ! https://t.co/csPFSDLYVN",SpadeSean
860184799469867008,france europe and the world needs le pen to win https://t.co/YSGW3qVXKQ,colacurto
860184824040050691,RT @Nigel_Farage: I want to see @MLP_officiel win on Sunday. She is the right candidate for Brexit Britain. https://t.co/y4FLAzKQ9C,CaherineBlein
860184989035626497,"When that ""#deplorables"" moment repeats itself!

#Macron clearly doesn't want to win after-all! https://t.co/ScvCmFKoO8",SihleDLK
860185167683620864,RT @debra0827: And Europe will be destroyed in 10 years or less. https://t.co/DGTAhTIOsW,pwm4u
860185173861822466,@Nigel_Farage you would - would'nt you you plonker! https://t.co/f8wA8Ko8a6,AHHussains
860185255189336064,"RT @DanJukes17: I'm supporting Marine Le Pen, and if she fails this year, she will win in 2022 https://t.co/R85Pj9dWWx",WestminsterMole
860185444365066240,"This is why Le Pen needs to win. Stand strong, Jack! https://t.co/fvoYogyuTY",laurakathryyn
860185596396023809,"RT @BrightAngel1000: God, the interfering old goat is looking OLD!! #LePenMacron https://t.co/CqAuNmFcTh",happypainter57
860185809009422337,"@Lord_Keynes2 @yanisvaroufakis Get real, if you don't vote there's a very high chance that Le Pen will win.",Highhopes52
860185942023426049,Markets bet on a #Macron win in #France. https://t.co/UPz5WLzUxO https://t.co/cJjQUblgX5,FinLoansLLC
860185985325436928,RT @Nigel_Farage: I want to see @MLP_officiel win on Sunday. She is the right candidate for Brexit Britain. https://t.co/y4FLAzKQ9C,WestminsterMole
860186015734124549,Markets bet on a Macron win in France https://t.co/S6DviHMrfm https://t.co/gx8luYdKLP https://t.co/UYqS17E2s8,wlstcom
860186379409600512,RT @Nigel_Farage: I want to see @MLP_officiel win on Sunday. She is the right candidate for Brexit Britain. https://t.co/y4FLAzKQ9C,BigE9043
860186785514737666,Another Backfire on the way! A failed fraud as a cheerleader..Good Grief! https://t.co/SFPeyQRHlY,jlsarg_john
860186807102787584,@JackPosobiec You say LE Pen will win? Why do you think this? Are the polls 20 points off?,KingWilliamIV3
860186808726028288,RT @GeoffShadbold: shock fascist endorsement https://t.co/szP8zT93D7,Amateur_Casual
860186917069090816,If Marine Le Pen will fail Sunday there will be no France in 2022. Vote Le Pen. https://t.co/nYU8JQkyqO,v_sveica
860186921330503681,Ppl hate Le Pen &amp; she failed to turn the tide as she did not talk about her policies. It was a luck. Liberals did not win. Just others lost.,tomhashimoto
860186979438280704,Euro at highest in near 6 months vs USD after centrist Macron looks likely to win France's presidential race against anti-EU Marine Le Pen.,DTradingAcademy
860187018671915008,RT @JolyonGreen: Farage is a fascist. Which really is what we all should have called him a long time ago. https://t.co/DQfh7Np2hD,Sausage67
860187052406714370,RT @JolyonGreen: Farage is a fascist. Which really is what we all should have called him a long time ago. https://t.co/DQfh7Np2hD,SukaynaPowell
860187318174580737,I want to see you have another plane crash on Sunday. https://t.co/t9XwicQ6xQ,christian100hm
860187411682254848,@ByronYork @jeneps Le Pen is a lock to win now.   BHO's support was a godsend for Hillary.,edenjw
860187456959893505,RT @Nigel_Farage: I want to see @MLP_officiel win on Sunday. She is the right candidate for Brexit Britain. https://t.co/y4FLAzKQ9C,harrisdavid49
860187639290380289,RT @Nigel_Farage: I want to see @MLP_officiel win on Sunday. She is the right candidate for Brexit Britain. https://t.co/y4FLAzKQ9C,lorimin
860187681606823936,RT @Nigel_Farage: I want to see @MLP_officiel win on Sunday. She is the right candidate for Brexit Britain. https://t.co/y4FLAzKQ9C,anne_vis
860187703287140353,RT @Nigel_Farage: I want to see @MLP_officiel win on Sunday. She is the right candidate for Brexit Britain. https://t.co/y4FLAzKQ9C,SissiPatriote
860187778881138688,RT @Nigel_Farage: I want to see @MLP_officiel win on Sunday. She is the right candidate for Brexit Britain. https://t.co/y4FLAzKQ9C,gangan84
860187850003824640,hey Barack - thought it was only the Russians that interfered in elections??? https://t.co/v3EnHAC5SF,gonv_survival
860187984800468992,RT @GeoffShadbold: shock fascist endorsement https://t.co/szP8zT93D7,jrwyke
860188010817695745,RT @PeterKGeoghegan: Nigel Farage supports fascists? I'm shocked.... https://t.co/njbvQTdzlI,SbyBT
860188307015249922,Vote for the banker: Le Pen has not lost yet. French voters should unite against her https://t.co/85DR0Nuw3c via @TheEconomist,LarryVNN
860188605335166976,I want Le Pen to win but I'm not sure France has experienced enough pain to break it's addiction to mediocrity &amp; globalism.,FR_Newbrough
860188657080315904,@saviaga @MMeteyer @Perrinst @Myriamencaoua @Vergnaud @Maud_Pierron Yes. The sewage are hoping for the fascist Le Pen to win.,PanoiuS
860188966439583744,RT @Nigel_Farage: I want to see @MLP_officiel win on Sunday. She is the right candidate for Brexit Britain. https://t.co/y4FLAzKQ9C,frafra61_rossi
860189331541155844,RT @Nigel_Farage: I want to see @MLP_officiel win on Sunday. She is the right candidate for Brexit Britain. https://t.co/y4FLAzKQ9C,Katiagarcia6666
860189504900083719,RT @Nigel_Farage: I want to see @MLP_officiel win on Sunday. She is the right candidate for Brexit Britain. https://t.co/y4FLAzKQ9C,gibb491
860189694822416388,RT @Nigel_Farage: I want to see @MLP_officiel win on Sunday. She is the right candidate for Brexit Britain. https://t.co/y4FLAzKQ9C,PsiquicaSabrina
860189732013211648,RT @Nigel_Farage: I want to see @MLP_officiel win on Sunday. She is the right candidate for Brexit Britain. https://t.co/y4FLAzKQ9C,Stephen_Gash
860189735263797248,even if they put her in prison she will still win in the end https://t.co/lP75t9luub,FoodSnoop01
860189920866029570,"Le Pen's success is inversely proportional to her showing the ""polls"".  Le Pen will win.

https://t.co/kZFT5Mc9oo",St_Beraigh
860189934585610240,RT @Nigel_Farage: I want to see @MLP_officiel win on Sunday. She is the right candidate for Brexit Britain. https://t.co/y4FLAzKQ9C,beeshive1
860189964033826816,"If the French desire to keep their France beyond the next generation, they MUST elect Marine Le Pen

https://t.co/HqB8eYALhR",panther_shadow
860190093406896128,@LeviSmithUSA LE PEN WILL WIN!,Ritsakuru
860190278887591936,RT @Nigel_Farage: I want to see @MLP_officiel win on Sunday. She is the right candidate for Brexit Britain. https://t.co/y4FLAzKQ9C,SURESNESRBM
860190338807472128,RT @JolyonGreen: Farage is a fascist. Which really is what we all should have called him a long time ago. https://t.co/DQfh7Np2hD,JPCherr
860190342020202498,@Telegraph I am shocked and appalled that you chose to publish this. https://t.co/keR07sfMt6,Sanah1234567
860190351008583680,@POTUS   How is this even happening?  He is a traitor to America and humanity. https://t.co/8T6S8YVLdx,GoodeValorie
860190364308819975,RT @JWoodcockMP: You miserable little man https://t.co/xsDM2MNtNW,JPCherr
860190373955686404,Hoping these numbers stay true for the sake of humanity. https://t.co/GLCsaNFrVY,realjoeypoirier
860190506835464195,RT @Nigel_Farage: I want to see @MLP_officiel win on Sunday. She is the right candidate for Brexit Britain. https://t.co/y4FLAzKQ9C,JoeBean2415
860190507447848961,RT @Nigel_Farage: I want to see @MLP_officiel win on Sunday. She is the right candidate for Brexit Britain. https://t.co/y4FLAzKQ9C,jrswa
860190648951070723,Great!! LePen must lose!! They've seen what happened there &amp; want nothing to do with Putin/tRump. https://t.co/2c2IiMj4qC,gmachrisc
860190653866627072,RT @allainrick: @bamarose911 @RandyEBarnett @jeep_sifu Yep. Obama's political genius should help Le Pen win easily. lol,The_Smirker
860190663996039169,RT @Nigel_Farage: I want to see @MLP_officiel win on Sunday. She is the right candidate for Brexit Britain. https://t.co/y4FLAzKQ9C,alain_gonzi
860190743972990977,RT @Nigel_Farage: I want to see @MLP_officiel win on Sunday. She is the right candidate for Brexit Britain. https://t.co/y4FLAzKQ9C,LFQB78
860190982318567426,Wish someone would silence this dumb nigger once and for all. https://t.co/nOx8vyQwd0,OleSchoolUSA
860190996558204928,"RT @JulianRoepcke: Moscow will help Le Pen to win the election

Never forget!

#PutinAtWar https://t.co/VlrqgOHZMK",GrainDeSable_
860191147678986244,RT @gmachrisc: Great!! LePen must lose!! They've seen what happened there &amp; want nothing to do with Putin/tRump. https://t.co/2c2IiMj4qC,KSTksti
860191367527583745,RT @Nigel_Farage: I want to see @MLP_officiel win on Sunday. She is the right candidate for Brexit Britain. https://t.co/y4FLAzKQ9C,ferre_claude
860191401199505409,RT @Nigel_Farage: I want to see @MLP_officiel win on Sunday. She is the right candidate for Brexit Britain. https://t.co/y4FLAzKQ9C,MexicoRS78
860191620460937217,hope... https://t.co/HHG0GiAAOf,anesthesistje
860191838577336321,Who does .@BarackObama think he is..Vladimir Putin? https://t.co/N3rS1fGFOh,Apply__Logic
860192218648367105,"She's disgusting and I pray to god she doesn't win, but this is #GradeAShade

#LePenMacron #LEDEBAT2017  https://t.co/1oh6AP2UFK",Millennial_Pess
860192258116775936,He would back Macron the globalist. The pretender president doesn't believe in a nation's Sovereignty. WIN LE PEN. https://t.co/vxklG4YQZH,siciliancharmer
860192574769967106,"@DineshDSouza @guardian good, now Le Pen will definitely win!",Annhawks3
860192832698634240,"RT @Birdyword: I think the most banal French election meme is 'Le Pen isn't going to win this time, but she will in 2022'",revolution_fr
860193013498339328,RT @Nigel_Farage: I want to see @MLP_officiel win on Sunday. She is the right candidate for Brexit Britain. https://t.co/y4FLAzKQ9C,Patdolen
860193028916604928,"$400K per Speech, Barack Insane Obama, Meddling in The French Elections, Endorses Centrist Macaroni. Le Pen is Going to Win and Save Europe!",Lottery_Secrets
860193067231567872,Obama just endorsed Macron. Le Pen is going to win.,mots_d_Akin
860193233359556608,RT @Nigel_Farage: I want to see @MLP_officiel win on Sunday. She is the right candidate for Brexit Britain. https://t.co/y4FLAzKQ9C,Arcadecannon
860193329849528322,RT @mpringlemn: Marine Le Pen IS A MUST WIN... ! https://t.co/7wqEayx7ap,crt39437
860193439589289985,"https://t.co/t8GgH8vR6q https://t.co/1KPiEhkaK1 via @Is this the end for Marine Le Pen? My answer: No, she will go on to win. Your vote?",Illogikus
860193581277077504,@lagameuse98500 @POTUS @VP @MLP_officiel Thank you Jessica. A Le Pen win would be great for the entire world!!,bradcrain
860193615636828160,@_Morning_ you're betting me Le Pen will win? I won't take that bet now. It would be like taking candy from a baby ;),Gerry02140
860193626269396994,RT @JolyonGreen: Farage is a fascist. Which really is what we all should have called him a long time ago. https://t.co/DQfh7Np2hD,BenKnowles23
860193883082379268,"RT @SihleDLK: When that ""#deplorables"" moment repeats itself!

#Macron clearly doesn't want to win after-all! https://t.co/ScvCmFKoO8",SmileyManA
860193933493764096,RT @Nigel_Farage: I want to see @MLP_officiel win on Sunday. She is the right candidate for Brexit Britain. https://t.co/y4FLAzKQ9C,BDHRmUxpB40Lz6l
860194030411538433,RT @Nigel_Farage: I want to see @MLP_officiel win on Sunday. She is the right candidate for Brexit Britain. https://t.co/y4FLAzKQ9C,KlingonsUK
860194086552076289,RT @Nigel_Farage: I want to see @MLP_officiel win on Sunday. She is the right candidate for Brexit Britain. https://t.co/y4FLAzKQ9C,Conservamator
860194198313734147,Macron been endorsed by Obama. Le Pen to win.,mikeriddell62
860194283730501634,@RealAlexJones As if the French are going to listen to the failed ex president... LE PEN will win HUGEEEE,Incredi49136924
860194295340568576,RT @Nigel_Farage: I want to see @MLP_officiel win on Sunday. She is the right candidate for Brexit Britain. https://t.co/y4FLAzKQ9C,Tom_0380
860194325807976448,RT @gmachrisc: Great!! LePen must lose!! They've seen what happened there &amp; want nothing to do with Putin/tRump. https://t.co/2c2IiMj4qC,PatGregg2
860194368866484224,"short $EURDKK cheap way to hedge Le Pen win, cheaper and safer than shorting $EURUSD",mspacey4415
860194576765681664,Nobody thought Trump would win. Nobody thinks Le Pen will win. It may however just happen. #C4news,Nexus1974
860194650463887360,"RT @powerpuffsama2: LE PEN IS GOING TO WIN BECAUSE OF DRYBONES 

HOW LONG UNTIL HE STARTS THE HOLOCAUST?? https://t.co/cBy6Tdik2L",Drybones5
860195039460380672,"RT @powerpuffsama2: LE PEN IS GOING TO WIN BECAUSE OF DRYBONES 

HOW LONG UNTIL HE STARTS THE HOLOCAUST?? https://t.co/cBy6Tdik2L",SmugWendys
860195287658369027,RT @Nigel_Farage: I want to see @MLP_officiel win on Sunday. She is the right candidate for Brexit Britain. https://t.co/y4FLAzKQ9C,MarieLeocadie
860195290250391552,@piersmorgan Might put a bet on Le Pen to win now,FiennesAxel
860195367689826308,RT @Nigel_Farage: I want to see @MLP_officiel win on Sunday. She is the right candidate for Brexit Britain. https://t.co/y4FLAzKQ9C,GnomesGone
860195576884772864,"Just in from Russia: If Macron is a Tax Cheat, Le Pen may win. https://t.co/8klTCjMkIF",MikeofHowick
860195583184777216,RT @Nigel_Farage: I want to see @MLP_officiel win on Sunday. She is the right candidate for Brexit Britain. https://t.co/y4FLAzKQ9C,ianward2000
860195612641382401,"RT @powerpuffsama2: LE PEN IS GOING TO WIN BECAUSE OF DRYBONES 

HOW LONG UNTIL HE STARTS THE HOLOCAUST?? https://t.co/cBy6Tdik2L",OriginalBubsRA
860195642420973569,RT @Nigel_Farage: I want to see @MLP_officiel win on Sunday. She is the right candidate for Brexit Britain. https://t.co/y4FLAzKQ9C,BoenaSvoabo
860195643943464960,"FRANCE AWAKEN!!
VOTE LE PEN OR SAY GOODBYE TO FRANCE. https://t.co/Fpb0OXBWMG",GreatThee
860196012148666368,"Who needs Russians, when you have Obama ONCE AGAIN interfering with elections? https://t.co/YCLBMHPdNm",DRM4GOD
860196166864183298,RW: Marechal-Le Pen insisted we can still win even as she lowered the partys expectations for the presidential runoff.,bot_silo
860196256710348801,RT @Nigel_Farage: I want to see @MLP_officiel win on Sunday. She is the right candidate for Brexit Britain. https://t.co/y4FLAzKQ9C,Sonshinejohn
860196348821463041,@USATODAY I guess that means Le Pen will win. Obama always chooses the loser's path. #EpicFailure,maconnal
860196414768525312,"RT @SihleDLK: When that ""#deplorables"" moment repeats itself!

#Macron clearly doesn't want to win after-all! https://t.co/ScvCmFKoO8",utopianindigent
860196565272670209,"I'm supporting Marine Le Pen, and if she fails this year, she will win in 2022 https://t.co/Ct8xlcwnXC via @telegraphnews",_socialcapital_
860196744042336257,@JaydaBF Marine le pen will win for sure.,shivajisinghran
860196797989433345,@YahooNews Congratulations Marine Le Pen!  You will win!  Everybody he endorses loses!,Bo_Darville_GA
860196843141181440,RT @Nigel_Farage: I want to see @MLP_officiel win on Sunday. She is the right candidate for Brexit Britain. https://t.co/y4FLAzKQ9C,vonnmonaco
860196940348260352,@EdMorrissey Ensuring le pen win,drwest30_david
860197222335619072,RT @Nigel_Farage: I want to see @MLP_officiel win on Sunday. She is the right candidate for Brexit Britain. https://t.co/y4FLAzKQ9C,voinconmc
860197309195452417,RT @Nigel_Farage: I want to see @MLP_officiel win on Sunday. She is the right candidate for Brexit Britain. https://t.co/y4FLAzKQ9C,PaulHenriCadier
860197411066654720,"RT @Adrian_in_NYC: On Twitter, it just takes telling them Marine Le Pen will win the election , apparently https://t.co/MvcsqdESZm",esmithhouser
860197755259584512,"Rothchild's stacking the deck against 
Marine Le Pen! Already indications of unfair election https://t.co/p1i9IuVybT",TimAromando
860198176111722496,"RT @SpadeSean: Why not ! He interfered in The Israeli election , Remember ! https://t.co/csPFSDLYVN",LyndaE222
860198204759048195,RT @gonv_survival: hey Barack - thought it was only the Russians that interfered in elections??? https://t.co/v3EnHAC5SF,Anzers
860198210584932353,"That you seriously believe a protectionist, isolationist is the ""right candidate"" for Brexit Britain baffles me. https://t.co/dhj7YSoKy7",Joel_E_Harris
860198369326768128,RT @Nigel_Farage: I want to see @MLP_officiel win on Sunday. She is the right candidate for Brexit Britain. https://t.co/y4FLAzKQ9C,cyta74
860198412746096641,RT @Nigel_Farage: I want to see @MLP_officiel win on Sunday. She is the right candidate for Brexit Britain. https://t.co/y4FLAzKQ9C,CarolTeague2
860198429275717632,@TrumpGays Obama just sealed the win of Le Pen,Sheryl30570501
860198691810029569,La Pen wins! With Oki dokie endorsement https://t.co/2hyijqQmXS,StuntHangar
860198715059056642,RT @gonv_survival: hey Barack - thought it was only the Russians that interfered in elections??? https://t.co/v3EnHAC5SF,4Freedom4ever
860198944500064257,RT @Nigel_Farage: I want to see @MLP_officiel win on Sunday. She is the right candidate for Brexit Britain. https://t.co/y4FLAzKQ9C,Jez_57
860198958429335552,@BarackObama #Barry was never Potus. ShutUp! https://t.co/ixcmanj0tK,glozee1
860198980424224772,"RT @grigory_rasput: Retweeted Geoffrey Trott (@GeoffreyTrott):

How Le Pen could win https://t.co/z5Lnt3M0Pl https://t.co/S0ut9BIGrS",GeoffreyTrott
860199017036132352,RT @gonv_survival: hey Barack - thought it was only the Russians that interfered in elections??? https://t.co/v3EnHAC5SF,KINGOFCOMSENSE
860199022568636417,RT @Nigel_Farage: I want to see @MLP_officiel win on Sunday. She is the right candidate for Brexit Britain. https://t.co/y4FLAzKQ9C,JustinPSexton
860199055040925697,"Le pen, whoever he is, should win then... https://t.co/0cjhjh32Z3",pujaraamit
860199152071966721,RT @Nigel_Farage: I want to see @MLP_officiel win on Sunday. She is the right candidate for Brexit Britain. https://t.co/y4FLAzKQ9C,usfbulls55
860199227967897601,"RT @powerpuffsama2: LE PEN IS GOING TO WIN BECAUSE OF DRYBONES 

HOW LONG UNTIL HE STARTS THE HOLOCAUST?? https://t.co/cBy6Tdik2L",ThreeBeees
860199575553966081,RT @Nigel_Farage: I want to see @MLP_officiel win on Sunday. She is the right candidate for Brexit Britain. https://t.co/y4FLAzKQ9C,davidne19456648
860199639689158656,I refuse to be part of a generation of leftists who allowed a fascist and racist to win the French presidency. https://t.co/Djxb3slxlv,JuliaBerytus
860199711088705536,RT @Nigel_Farage: I want to see @MLP_officiel win on Sunday. She is the right candidate for Brexit Britain. https://t.co/y4FLAzKQ9C,Hillchaser
860199816084807680,Doesn't he have a tee time somewhere? Go away https://t.co/WE9dnBFrHl,ccsello
860199946880000001,RT @Nigel_Farage: I want to see @MLP_officiel win on Sunday. She is the right candidate for Brexit Britain. https://t.co/y4FLAzKQ9C,HarrySekai
860200138861576194,Would be terrible should she win tbh https://t.co/voIB7Nvq13,merida_jr
860200258068000769,RT @Nigel_Farage: I want to see @MLP_officiel win on Sunday. She is the right candidate for Brexit Britain. https://t.co/y4FLAzKQ9C,PhilipJMilton
860200341475926017,RT @DavidJo52951945: Nigel Farage backs Le Pen in the French election https://t.co/wrmtCN7wGG,RobertZanchi
860200415287271425,RT @DavidJo52951945: Nigel Farage backs Le Pen in the French election https://t.co/wrmtCN7wGG,RobertZanchi
860200424040738818,i want macron to win not only for his superior views to those of le pen but also bc he said poudre le perlimpinpin on national television,dongschieng
860200427970850816,RT @Nigel_Farage: I want to see @MLP_officiel win on Sunday. She is the right candidate for Brexit Britain. https://t.co/y4FLAzKQ9C,M_Lemic
860200543641366528,This is great every single person he has endorsed has lost. So I guess Le Pen will win now for sure https://t.co/use5vtwNBY,oscar23_fuentes
860200572259094528,RT @Nigel_Farage: I want to see @MLP_officiel win on Sunday. She is the right candidate for Brexit Britain. https://t.co/y4FLAzKQ9C,007harvey
860200619906412545,@infowars Now Le Pen will win!,lanza_alvaro
860200694418206720,RT @Nigel_Farage: I want to see @MLP_officiel win on Sunday. She is the right candidate for Brexit Britain. https://t.co/y4FLAzKQ9C,chris_billows
860200742145196032,RT @Nigel_Farage: I want to see @MLP_officiel win on Sunday. She is the right candidate for Brexit Britain. https://t.co/y4FLAzKQ9C,Celtikette
860200833690071040,RT @gmachrisc: Great!! LePen must lose!! They've seen what happened there &amp; want nothing to do with Putin/tRump. https://t.co/2c2IiMj4qC,MarilynSousa5
860200927126409216,RT @Nigel_Farage: I want to see @MLP_officiel win on Sunday. She is the right candidate for Brexit Britain. https://t.co/y4FLAzKQ9C,SaintNon
860201008936488960,RT @Nigel_Farage: I want to see @MLP_officiel win on Sunday. She is the right candidate for Brexit Britain. https://t.co/y4FLAzKQ9C,Bornanddiealone
860201046232190976,BAD NEWS: the man who said before the election  trump will win says Le Pen will lose because the Jewish Torah says it. lets hope he's wrong!,shiea70
860201073050607616,RT @Nigel_Farage: I want to see @MLP_officiel win on Sunday. She is the right candidate for Brexit Britain. https://t.co/y4FLAzKQ9C,benpichot
860201231083503616,RT @JolyonGreen: Farage is a fascist. Which really is what we all should have called him a long time ago. https://t.co/DQfh7Np2hD,nerd8192
860201318408966145,RT @Nigel_Farage: I want to see @MLP_officiel win on Sunday. She is the right candidate for Brexit Britain. https://t.co/y4FLAzKQ9C,Enigmayne
860201443395067904,Here We Go!! #MAGA https://t.co/4WTP2GU19j,TammySouthwick1
860201444552704000,LE PEN ISURED A WIN after French candidate Emmanuel Macron endorsed by Barak Obama https://t.co/82uib5oava via @usatoday,Pardilho23
860201526022868993,RT @Nigel_Farage: I want to see @MLP_officiel win on Sunday. She is the right candidate for Brexit Britain. https://t.co/y4FLAzKQ9C,NormandChaput
860201596575248386,RT @Nigel_Farage: I want to see @MLP_officiel win on Sunday. She is the right candidate for Brexit Britain. https://t.co/y4FLAzKQ9C,harbin_pauli
860201687197392896,Farage Breaks Cover on French Election: 'I Want to See Le Pen Win' https://t.co/N2MLyP27fV,mjvasquez671
860201689068040194,Farage Breaks Cover on French Election: 'I Want to See Le Pen Win' https://t.co/lwUqUqOTNB,mjvasquez671
860201787998994432,Le Pen for the win !!! https://t.co/3MRWEP5cnn,Obedtwelve
860201918957842433,RT @Nigel_Farage: I want to see @MLP_officiel win on Sunday. She is the right candidate for Brexit Britain. https://t.co/y4FLAzKQ9C,Parsifal44
860201929175158784,RT @Nigel_Farage: I want to see @MLP_officiel win on Sunday. She is the right candidate for Brexit Britain. https://t.co/y4FLAzKQ9C,v_joron
860201929011589121,RT @Nigel_Farage: I want to see @MLP_officiel win on Sunday. She is the right candidate for Brexit Britain. https://t.co/y4FLAzKQ9C,jacquijackson24
860202012364984321,Love that the Brexit &amp; Trump supporters are so vocal in support of #LePen! Unity to save Western thought &amp; beliefs! https://t.co/3j7ThOkz2f,gswalrath
860202049161527297,RT @Nigel_Farage: I want to see @MLP_officiel win on Sunday. She is the right candidate for Brexit Britain. https://t.co/y4FLAzKQ9C,Pat02457550
860202098499178496,RT @Nigel_Farage: I want to see @MLP_officiel win on Sunday. She is the right candidate for Brexit Britain. https://t.co/y4FLAzKQ9C,barres66680
860202117692362753,RT @Nigel_Farage: I want to see @MLP_officiel win on Sunday. She is the right candidate for Brexit Britain. https://t.co/y4FLAzKQ9C,lisalponder
860202463789367296,"Marine Le Pen must win, she's France's last hope.",tonyrwb
860202467262427138,RT @Nigel_Farage: I want to see @MLP_officiel win on Sunday. She is the right candidate for Brexit Britain. https://t.co/y4FLAzKQ9C,Alisse31
860202711391887361,@American1765 If this MORON is backing him... Then that says it all. Le Pen will win.,cottonplantrob
860202917596418048,RT @Nigel_Farage: I want to see @MLP_officiel win on Sunday. She is the right candidate for Brexit Britain. https://t.co/y4FLAzKQ9C,True1776
860202978694877189,RT @Nigel_Farage: I want to see @MLP_officiel win on Sunday. She is the right candidate for Brexit Britain. https://t.co/y4FLAzKQ9C,Thomas_Mng
860203128540585984,Fascists support fascists. https://t.co/2sdBnHeMj7,RationalColonel
860203171666423808,RT @Nigel_Farage: I want to see @MLP_officiel win on Sunday. She is the right candidate for Brexit Britain. https://t.co/y4FLAzKQ9C,nievsyrneh
860203225739296769,RT @Nigel_Farage: I want to see @MLP_officiel win on Sunday. She is the right candidate for Brexit Britain. https://t.co/y4FLAzKQ9C,VickyDilcock
860203232802557952,RT @Nigel_Farage: I want to see @MLP_officiel win on Sunday. She is the right candidate for Brexit Britain. https://t.co/y4FLAzKQ9C,dupontaignan
860203262477258753,RT @Nigel_Farage: I want to see @MLP_officiel win on Sunday. She is the right candidate for Brexit Britain. https://t.co/y4FLAzKQ9C,Republique2017
860203309256384512,RT @Nigel_Farage: I want to see @MLP_officiel win on Sunday. She is the right candidate for Brexit Britain. https://t.co/y4FLAzKQ9C,cviegas
860203349135810560,RT @Nigel_Farage: I want to see @MLP_officiel win on Sunday. She is the right candidate for Brexit Britain. https://t.co/y4FLAzKQ9C,Underwoo1Franck
860203351451086850,RT @Nigel_Farage: I want to see @MLP_officiel win on Sunday. She is the right candidate for Brexit Britain. https://t.co/y4FLAzKQ9C,Thomaspon1
860203373987082240,RT @Nigel_Farage: I want to see @MLP_officiel win on Sunday. She is the right candidate for Brexit Britain. https://t.co/y4FLAzKQ9C,AstonMarine
860203403481423874,RT @Nigel_Farage: I want to see @MLP_officiel win on Sunday. She is the right candidate for Brexit Britain. https://t.co/y4FLAzKQ9C,MichaelMontelo
860203436364660736,RT @gonv_survival: hey Barack - thought it was only the Russians that interfered in elections??? https://t.co/v3EnHAC5SF,bfrasier1951
860203455742390272,RT @Nigel_Farage: I want to see @MLP_officiel win on Sunday. She is the right candidate for Brexit Britain. https://t.co/y4FLAzKQ9C,PatrioteFRA94
860203486788689920,RT @Nigel_Farage: I want to see @MLP_officiel win on Sunday. She is the right candidate for Brexit Britain. https://t.co/y4FLAzKQ9C,fiocco4
860203531432845312,RT @Nigel_Farage: I want to see @MLP_officiel win on Sunday. She is the right candidate for Brexit Britain. https://t.co/y4FLAzKQ9C,BobSami21
860203631483789314,RT @Nigel_Farage: I want to see @MLP_officiel win on Sunday. She is the right candidate for Brexit Britain. https://t.co/y4FLAzKQ9C,magiskha_83
860203642816745477,RT @Nigel_Farage: I want to see @MLP_officiel win on Sunday. She is the right candidate for Brexit Britain. https://t.co/y4FLAzKQ9C,titycorsica
860203661825331201,RT @Nigel_Farage: I want to see @MLP_officiel win on Sunday. She is the right candidate for Brexit Britain. https://t.co/y4FLAzKQ9C,C_Guillot78310
860203728900694017,RT @Nigel_Farage: I want to see @MLP_officiel win on Sunday. She is the right candidate for Brexit Britain. https://t.co/y4FLAzKQ9C,MaximeThiebaut
860203752699162629,RT @Nigel_Farage: I want to see @MLP_officiel win on Sunday. She is the right candidate for Brexit Britain. https://t.co/y4FLAzKQ9C,BECHARD1989
860203825084469248,RT @Nigel_Farage: I want to see @MLP_officiel win on Sunday. She is the right candidate for Brexit Britain. https://t.co/y4FLAzKQ9C,DLF_Officiel
860203841471512576,RT @Nigel_Farage: I want to see @MLP_officiel win on Sunday. She is the right candidate for Brexit Britain. https://t.co/y4FLAzKQ9C,GMajorczyk
860203927278686208,"Macron pulls AHEAD of Marine Le Pen n snap poll following fiery TV debate clash https://t.co/jn5o3V6Kk9 yep just like Trump, she's gonna win",_YvonneBurton
860203939924500480,RT @Nigel_Farage: I want to see @MLP_officiel win on Sunday. She is the right candidate for Brexit Britain. https://t.co/y4FLAzKQ9C,Groupe_FN_Corse
860203949172895744,RT @Nigel_Farage: I want to see @MLP_officiel win on Sunday. She is the right candidate for Brexit Britain. https://t.co/y4FLAzKQ9C,RibelluU
860203984442798087,Farage Breaks Cover on French Election: 'I Want to See Le Pen Win' https://t.co/jla5O9LEeu,joepalojoe
860204007813525505,RT @Nigel_Farage: I want to see @MLP_officiel win on Sunday. She is the right candidate for Brexit Britain. https://t.co/y4FLAzKQ9C,ArtemysDeSade
860204016306966528,RT @Nigel_Farage: I want to see @MLP_officiel win on Sunday. She is the right candidate for Brexit Britain. https://t.co/y4FLAzKQ9C,Varac_a
860204024162811904,RT @Nigel_Farage: I want to see @MLP_officiel win on Sunday. She is the right candidate for Brexit Britain. https://t.co/y4FLAzKQ9C,mofred_situos
860204030387245057,RT @Nigel_Farage: I want to see @MLP_officiel win on Sunday. She is the right candidate for Brexit Britain. https://t.co/y4FLAzKQ9C,Titilaulau
860204031293181955,RT @Nigel_Farage: I want to see @MLP_officiel win on Sunday. She is the right candidate for Brexit Britain. https://t.co/y4FLAzKQ9C,Nymerias10
860204053535576064,RT @eurotopics_en: How do you deal with liars like Le Pen? @Jemab @tagesanzeiger https://t.co/Pvii46bwxB #FN,EuroSavant
860204196993355777,RT @Nigel_Farage: I want to see @MLP_officiel win on Sunday. She is the right candidate for Brexit Britain. https://t.co/y4FLAzKQ9C,alanfulton2008
860204267055042560,RT @Nigel_Farage: I want to see @MLP_officiel win on Sunday. She is the right candidate for Brexit Britain. https://t.co/y4FLAzKQ9C,Patri0sphere
860204273614946308,RT @Nigel_Farage: I want to see @MLP_officiel win on Sunday. She is the right candidate for Brexit Britain. https://t.co/y4FLAzKQ9C,Freddieafk
860204323581693954,RT @Nigel_Farage: I want to see @MLP_officiel win on Sunday. She is the right candidate for Brexit Britain. https://t.co/y4FLAzKQ9C,teointox
860204343093587968,O. STFU/ https://t.co/7i5VuYnHmP,_Abby__Normal_
860204355982696448,THANKS A LOT NIGEL AND NICOLAS DUPONT !! https://t.co/iLTMxXKFTY,PRODEGAULLE1
860204390682173440,RT @Nigel_Farage: I want to see @MLP_officiel win on Sunday. She is the right candidate for Brexit Britain. https://t.co/y4FLAzKQ9C,Yoshilink78
860204570554900480,RT @Nigel_Farage: I want to see @MLP_officiel win on Sunday. She is the right candidate for Brexit Britain. https://t.co/y4FLAzKQ9C,AGRM78
860204610815971328,RT @Nigel_Farage: I want to see @MLP_officiel win on Sunday. She is the right candidate for Brexit Britain. https://t.co/y4FLAzKQ9C,DaustoC
860204661038616576,RT @Nigel_Farage: I want to see @MLP_officiel win on Sunday. She is the right candidate for Brexit Britain. https://t.co/y4FLAzKQ9C,angekarl
860204726046121985,RT @Nigel_Farage: I want to see @MLP_officiel win on Sunday. She is the right candidate for Brexit Britain. https://t.co/y4FLAzKQ9C,albanflores
860204798024593409,RT @Nigel_Farage: I want to see @MLP_officiel win on Sunday. She is the right candidate for Brexit Britain. https://t.co/y4FLAzKQ9C,vyborgo69
860204826235482116,RT @Nigel_Farage: I want to see @MLP_officiel win on Sunday. She is the right candidate for Brexit Britain. https://t.co/y4FLAzKQ9C,FrancoisDAssisi
860205005667790849,RT @qkode: Historian who predicted Obama victory says Le Pen could be NEXT French president https://t.co/LyroQbLeHv,qkode
860205026517626880,RT @Nigel_Farage: I want to see @MLP_officiel win on Sunday. She is the right candidate for Brexit Britain. https://t.co/y4FLAzKQ9C,Lr03Mimine
860205090812153856,RT @JWoodcockMP: You miserable little man https://t.co/xsDM2MNtNW,UKPoliticsLive
860205119337627648,RT @Nigel_Farage: I want to see @MLP_officiel win on Sunday. She is the right candidate for Brexit Britain. https://t.co/y4FLAzKQ9C,MonnierThibaut
860205120159719426,Le Pen has not lost yet. French voters should unite against her https://t.co/2roDRJcEjt via @TheEconomist,MaGuindi
860205171384750080,RT @Nigel_Farage: I want to see @MLP_officiel win on Sunday. She is the right candidate for Brexit Britain. https://t.co/y4FLAzKQ9C,fabralbert
860205279757127680,Farage Breaks Cover on French Election: 'I Want to See Le Pen Win' https://t.co/5NAqfWWO3k,seftonukip
860205448565227521,RT @Nigel_Farage: I want to see @MLP_officiel win on Sunday. She is the right candidate for Brexit Britain. https://t.co/y4FLAzKQ9C,NatGermain
860205549090086912,@wikileaks he just helped Le Pen win. good job,Michael_Zamora
860205567134113797,@BlaiseElise ! Bravo ! Very good ! :-) https://t.co/Xy6r5VPHEK,MEDINAfrck
860205574616748032,RT @Nigel_Farage: I want to see @MLP_officiel win on Sunday. She is the right candidate for Brexit Britain. https://t.co/y4FLAzKQ9C,eXtraFluX_web
860205662940352512,RT @Nigel_Farage: I want to see @MLP_officiel win on Sunday. She is the right candidate for Brexit Britain. https://t.co/y4FLAzKQ9C,tilismth
860205673757519873,@wikileaks Good.  His endorsement is always so helpful.  Le Pen for the win.,Americalsgt
860205758532771842,RT @Nigel_Farage: I want to see @MLP_officiel win on Sunday. She is the right candidate for Brexit Britain. https://t.co/y4FLAzKQ9C,EmericSalmon
860205788232646656,RT @Nigel_Farage: I want to see @MLP_officiel win on Sunday. She is the right candidate for Brexit Britain. https://t.co/y4FLAzKQ9C,Venizane
860206130299105282,Le Pen for the win!,zenmunki
860206312025706497,RT @Nigel_Farage: I want to see @MLP_officiel win on Sunday. She is the right candidate for Brexit Britain. https://t.co/y4FLAzKQ9C,ArnaudBERTRAND1
860206341360685056,#Likud MK Oren Hazan @oren_haz tells @i24NEWS_EN `many' Israel lawmakers want Marine Le Pen to win #Frenchelection https://t.co/vJn0ItWFB8,calev_i24
860206368338399232,"@jimmhk If le pen was to win, I suspect Europe would decend into meltdown, suspect any negotiations would be more than difficult.",beezab25
860206406640824320,"RT @Birdyword: I think the most banal French election meme is 'Le Pen isn't going to win this time, but she will in 2022'",jackrjthompson
860206461309333504,RT @Nigel_Farage: I want to see @MLP_officiel win on Sunday. She is the right candidate for Brexit Britain. https://t.co/y4FLAzKQ9C,Oculus__
860206479915274242,RT @Nigel_Farage: I want to see @MLP_officiel win on Sunday. She is the right candidate for Brexit Britain. https://t.co/y4FLAzKQ9C,Dumontpatrick7
860206486110314496,RT @Nigel_Farage: I want to see @MLP_officiel win on Sunday. She is the right candidate for Brexit Britain. https://t.co/y4FLAzKQ9C,ffrancepack
860206512253407232,RT @RationalColonel: Fascists support fascists. https://t.co/2sdBnHeMj7,johnnygoodeb
860206521506050048,RT @Nigel_Farage: I want to see @MLP_officiel win on Sunday. She is the right candidate for Brexit Britain. https://t.co/y4FLAzKQ9C,JulesFlorec
860206662472388609,RT @Nigel_Farage: I want to see @MLP_officiel win on Sunday. She is the right candidate for Brexit Britain. https://t.co/y4FLAzKQ9C,dlmalice
860206736770256901,RT @Americalsgt: @wikileaks Good.  His endorsement is always so helpful.  Le Pen for the win.,kenfriend55
860206801568104448,RT @Nigel_Farage: I want to see @MLP_officiel win on Sunday. She is the right candidate for Brexit Britain. https://t.co/y4FLAzKQ9C,Jilladamson90
860206850058448897,RT @Nigel_Farage: I want to see @MLP_officiel win on Sunday. She is the right candidate for Brexit Britain. https://t.co/y4FLAzKQ9C,Fh4life1
860206943604023296,RT @JWoodcockMP: You miserable little man https://t.co/xsDM2MNtNW,angie_jay17
860207217403977728,RT @Nigel_Farage: I want to see @MLP_officiel win on Sunday. She is the right candidate for Brexit Britain. https://t.co/y4FLAzKQ9C,mcarsalade1131
860207232625070081,RT @Nigel_Farage: I want to see @MLP_officiel win on Sunday. She is the right candidate for Brexit Britain. https://t.co/y4FLAzKQ9C,Sybilou
860207279337025537,RT @Nigel_Farage: I want to see @MLP_officiel win on Sunday. She is the right candidate for Brexit Britain. https://t.co/y4FLAzKQ9C,MYvelines
860207287872475140,RT @Nigel_Farage: I want to see @MLP_officiel win on Sunday. She is the right candidate for Brexit Britain. https://t.co/y4FLAzKQ9C,tiensvoiladu
860207296928002049,RT @Nigel_Farage: I want to see @MLP_officiel win on Sunday. She is the right candidate for Brexit Britain. https://t.co/y4FLAzKQ9C,justefrancaise
860207316238565376,RT @Nigel_Farage: I want to see @MLP_officiel win on Sunday. She is the right candidate for Brexit Britain. https://t.co/y4FLAzKQ9C,soso_olivia1994
860207387663360000,French deplorables. Do not let this scumbag who talks down to you win! https://t.co/wnjscXPvxa,ArmyofKek
860207448417816577,RT @ArmyofKek: French deplorables. Do not let this scumbag who talks down to you win! https://t.co/wnjscXPvxa,PepeYung
860207451739750400,RT @ArmyofKek: French deplorables. Do not let this scumbag who talks down to you win! https://t.co/wnjscXPvxa,Needban
860207507490299904,RT @ArmyofKek: French deplorables. Do not let this scumbag who talks down to you win! https://t.co/wnjscXPvxa,Longbow141
860207518345199616,RT @Nigel_Farage: I want to see @MLP_officiel win on Sunday. She is the right candidate for Brexit Britain. https://t.co/y4FLAzKQ9C,SlimDenace
860207524410208256,RT @Nigel_Farage: I want to see @MLP_officiel win on Sunday. She is the right candidate for Brexit Britain. https://t.co/y4FLAzKQ9C,breizhsan
860207538041737216,RT @Nigel_Farage: I want to see @MLP_officiel win on Sunday. She is the right candidate for Brexit Britain. https://t.co/y4FLAzKQ9C,ZieglerArnold
860207574565756928,RT @ArmyofKek: French deplorables. Do not let this scumbag who talks down to you win! https://t.co/wnjscXPvxa,thatrolol
860207659471052800,RT @ArmyofKek: French deplorables. Do not let this scumbag who talks down to you win! https://t.co/wnjscXPvxa,Rouge1776
860207723014742016,RT @ArmyofKek: French deplorables. Do not let this scumbag who talks down to you win! https://t.co/wnjscXPvxa,oldchapsnet
860207739649306628,RT @Nigel_Farage: I want to see @MLP_officiel win on Sunday. She is the right candidate for Brexit Britain. https://t.co/y4FLAzKQ9C,ParkHillsPam
860207775359660033,RT @ArmyofKek: French deplorables. Do not let this scumbag who talks down to you win! https://t.co/wnjscXPvxa,KekNazionale
860207796532498432,RT @ArmyofKek: French deplorables. Do not let this scumbag who talks down to you win! https://t.co/wnjscXPvxa,THISISTRASH12
860207807479599106,Le Pen is such a brilliant politician. I can't wait for her to win tbh https://t.co/cR1ahq96sm,Aces_9
860207866862608384,RT @Nigel_Farage: I want to see @MLP_officiel win on Sunday. She is the right candidate for Brexit Britain. https://t.co/y4FLAzKQ9C,MauriceNgwem
860207959279886337,RT @Nigel_Farage: I want to see @MLP_officiel win on Sunday. She is the right candidate for Brexit Britain. https://t.co/y4FLAzKQ9C,audrey_guibert
860207977772568576,RT @Nigel_Farage: I want to see @MLP_officiel win on Sunday. She is the right candidate for Brexit Britain. https://t.co/y4FLAzKQ9C,pierre_1er
860207985712402433,"Ce matin, 4h, le chauffeur du taxi:
""you're coming back for the election? so Marine Le Pen blabla she might win blabla""
AMBIANCE.",Slytheerin
860208004855103488,RT @ArmyofKek: French deplorables. Do not let this scumbag who talks down to you win! https://t.co/wnjscXPvxa,NewsJunki3
860208042884943872,RT @Nigel_Farage: I want to see @MLP_officiel win on Sunday. She is the right candidate for Brexit Britain. https://t.co/y4FLAzKQ9C,TaTiRoper
860208068461813760,RT @Nigel_Farage: I want to see @MLP_officiel win on Sunday. She is the right candidate for Brexit Britain. https://t.co/y4FLAzKQ9C,Afterius
860208072232448003,RT @Nigel_Farage: I want to see @MLP_officiel win on Sunday. She is the right candidate for Brexit Britain. https://t.co/y4FLAzKQ9C,DavidGlotin
860208095770890241,RT @Nigel_Farage: I want to see @MLP_officiel win on Sunday. She is the right candidate for Brexit Britain. https://t.co/y4FLAzKQ9C,CrainsTonDieu
860208138393231360,RT @RationalColonel: Fascists support fascists. https://t.co/2sdBnHeMj7,ruff2002
860208138355699713,RT @ArmyofKek: French deplorables. Do not let this scumbag who talks down to you win! https://t.co/wnjscXPvxa,SwtorGr
860208139391688705,How can you tell he's lying - his lips are moving. https://t.co/7q3YXj2o00,CaesarSextus
860208316529745921,RT @Nigel_Farage: I want to see @MLP_officiel win on Sunday. She is the right candidate for Brexit Britain. https://t.co/y4FLAzKQ9C,perfunk85
860208361819693056,the #RadicalAltLeft and #Obama OPENLY trying to #Influence #France #Election https://t.co/q5ETj1FAXo,LanceHenderson1
860208522180644865,RT @Nigel_Farage: I want to see @MLP_officiel win on Sunday. She is the right candidate for Brexit Britain. https://t.co/y4FLAzKQ9C,SuperFishette
860208579365785600,RT @Nigel_Farage: I want to see @MLP_officiel win on Sunday. She is the right candidate for Brexit Britain. https://t.co/y4FLAzKQ9C,ianmcdo03120397
860208588123504640,RT @Nigel_Farage: I want to see @MLP_officiel win on Sunday. She is the right candidate for Brexit Britain. https://t.co/y4FLAzKQ9C,FeistyLF
860208647913320449,RT @ArmyofKek: French deplorables. Do not let this scumbag who talks down to you win! https://t.co/wnjscXPvxa,ZagisDjinn
860208653017780224,RT @Nigel_Farage: I want to see @MLP_officiel win on Sunday. She is the right candidate for Brexit Britain. https://t.co/y4FLAzKQ9C,PascalLafont
860208728762712064,RT @Nigel_Farage: I want to see @MLP_officiel win on Sunday. She is the right candidate for Brexit Britain. https://t.co/y4FLAzKQ9C,CrisafulliTony
860208935281840128,RT @Nigel_Farage: I want to see @MLP_officiel win on Sunday. She is the right candidate for Brexit Britain. https://t.co/y4FLAzKQ9C,alexisdng17
860208936397537280,"""A choice between plague and cholera."" Er, no France. No. 
https://t.co/3lhNYLpLku",JohnJohnston100
860209259342176256,RT @Nigel_Farage: I want to see @MLP_officiel win on Sunday. She is the right candidate for Brexit Britain. https://t.co/y4FLAzKQ9C,lolospeleo
860209404020494336,"Shes going to win!
 https://t.co/VYbEJEsxMM",DreamWeaver61
860209476586139648,"Will Marine Le Pen win on Sunday? I don't think so.

In the unlikely event she does? The EU will cease to exist by 2020. Quite appealing.",JWilsonGB
